========== Garden state at 28-09-2022 00:42:53 ==========

9 9 5 9 9 
9 5 9 7 6 
9 9 9 8 9 
9 7 5 9 9 
6 9 6 5 9 






========== Garden state at 28-09-2022 00:43:07 ==========

9 8 9 9 8 
7 9 9 8 7 
9 9 5 9 9 
5 7 5 7 5 
9 5 5 6 6 






========== Garden state at 28-09-2022 00:43:22 ==========

9 8 9 9 9 
9 9 7 9 5 
7 9 9 9 9 
8 9 9 8 9 
9 8 9 7 5 






========== Garden state at 28-09-2022 00:43:36 ==========

9 9 6 6 9 
9 9 7 7 5 
9 5 8 9 7 
9 9 6 9 9 
8 6 9 9 9 






========== Garden state at 28-09-2022 00:43:49 ==========

9 9 9 6 9 
5 6 5 7 6 
5 8 5 6 8 
7 7 5 9 9 
9 7 8 9 9 






========== Garden state at 28-09-2022 00:44:04 ==========

8 5 6 9 9 
9 9 6 9 7 
6 9 6 6 9 
9 9 9 9 9 
9 9 9 9 9 






========== Garden state at 28-09-2022 00:44:18 ==========

9 9 9 9 9 
9 9 8 9 8 
9 9 5 8 9 
8 7 8 8 6 
9 5 8 9 9 






========== Garden state at 28-09-2022 00:44:32 ==========

9 7 5 9 5 
7 9 9 5 9 
9 9 9 9 9 
9 8 5 8 7 
9 9 7 5 9 






========== Garden state at 28-09-2022 00:44:46 ==========

9 9 9 9 9 
9 6 9 9 5 
8 9 5 6 8 
9 9 9 9 5 
9 9 5 9 9 






